# Effective degrees of freedom for the energy density and for the entropy density in the Standard Model.
# Data points are spaced over the interval in log(T).
#
# Note that the frequency column is such that a GW of present day frequency f
# was horizon sized at corresponding temperature T.
#
# K. Saikawa and S. Shirai (2020).
#
# Columns:
# 1. T [GeV]   2. f [Hz]     3. g_*s       4. g_*rho
#
1.0000000e-05 1.4212322e-13 3.9309400e+00 3.3830800e+00
1.0500000e-05 1.4922910e-13 3.9309400e+00 3.3830800e+00
1.1025000e-05 1.5669027e-13 3.9309400e+00 3.3830800e+00
1.1576300e-05 1.6452521e-13 3.9309400e+00 3.3830800e+00
1.2155100e-05 1.7275097e-13 3.9309400e+00 3.3830800e+00
1.2762800e-05 1.8138745e-13 3.9309400e+00 3.3830800e+00
1.3401000e-05 1.9045739e-13 3.9309400e+00 3.3830800e+00
1.4071000e-05 1.9997926e-13 3.9309400e+00 3.3830800e+00
1.4774600e-05 2.0997865e-13 3.9309400e+00 3.3830800e+00
1.5513300e-05 2.2047687e-13 3.9309400e+00 3.3830800e+00
1.6288900e-05 2.3149951e-13 3.9309400e+00 3.3830800e+00
1.7103400e-05 2.4307498e-13 3.9309400e+00 3.3830800e+00
1.7958600e-05 2.5522887e-13 3.9309400e+00 3.3830800e+00
1.8856500e-05 2.6798960e-13 3.9309400e+00 3.3830800e+00
1.9799300e-05 2.8138844e-13 3.9309400e+00 3.3830800e+00
2.0789300e-05 2.9545807e-13 3.9309400e+00 3.3830800e+00
2.1828700e-05 3.1022977e-13 3.9309400e+00 3.3830800e+00
2.2920200e-05 3.2574189e-13 3.9309400e+00 3.3830800e+00
2.4066200e-05 3.4202907e-13 3.9309400e+00 3.3830900e+00
2.5269500e-05 3.5913009e-13 3.9309400e+00 3.3830900e+00
2.6533000e-05 3.7708635e-13 3.9309500e+00 3.3830900e+00
2.7859600e-05 3.9594050e-13 3.9309600e+00 3.3831100e+00
2.9252600e-05 4.1573867e-13 3.9309800e+00 3.3831400e+00
3.0715200e-05 4.3652626e-13 3.9310300e+00 3.3831900e+00
3.2251000e-05 4.5835642e-13 3.9311300e+00 3.3833000e+00
3.3863500e-05 4.8127942e-13 3.9313100e+00 3.3834900e+00
3.5556700e-05 5.0535631e-13 3.9316200e+00 3.3838400e+00
3.7334600e-05 5.3064639e-13 3.9321500e+00 3.3844200e+00
3.9201300e-05 5.5721675e-13 3.9330200e+00 3.3853900e+00
4.1161400e-05 5.8514144e-13 3.9344200e+00 3.3869300e+00
4.3219400e-05 6.1450049e-13 3.9366000e+00 3.3893200e+00
4.5380400e-05 6.4538849e-13 3.9398900e+00 3.3929200e+00
4.7649400e-05 6.7790850e-13 3.9447200e+00 3.3982100e+00
5.0031900e-05 7.1217860e-13 3.9516500e+00 3.4057700e+00
5.2533500e-05 7.4833408e-13 3.9613300e+00 3.4163200e+00
5.5160200e-05 7.8652883e-13 3.9745500e+00 3.4307000e+00
5.7918200e-05 8.2693652e-13 3.9922200e+00 3.4498800e+00
6.0814100e-05 8.6975327e-13 4.0153300e+00 3.4749200e+00
6.3854800e-05 9.1519548e-13 4.0449600e+00 3.5069600e+00
6.7047500e-05 9.6350435e-13 4.0822300e+00 3.5472200e+00
7.0399900e-05 1.0149347e-12 4.1282600e+00 3.5968700e+00
7.3919900e-05 1.0697607e-12 4.1841500e+00 3.6571000e+00
7.7615900e-05 1.1282614e-12 4.2509100e+00 3.7289600e+00
8.1496700e-05 1.1907330e-12 4.3294000e+00 3.8134300e+00
8.5571500e-05 1.2574603e-12 4.4203300e+00 3.9112500e+00
8.9850100e-05 1.3287353e-12 4.5242000e+00 4.0230000e+00
9.4342600e-05 1.4048362e-12 4.6412800e+00 4.1490000e+00
9.9059700e-05 1.4860342e-12 4.7715400e+00 4.2892900e+00
1.0401300e-04 1.5725903e-12 4.9147500e+00 4.4436500e+00
1.0921300e-04 1.6647314e-12 5.0703800e+00 4.6115800e+00
1.1467400e-04 1.7627194e-12 5.2376500e+00 4.7923000e+00
1.2040800e-04 1.8667641e-12 5.4155700e+00 4.9848000e+00
1.2642800e-04 1.9770741e-12 5.6029500e+00 5.1878500e+00
1.3274900e-04 2.0938689e-12 5.7984300e+00 5.4000000e+00
1.3938700e-04 2.2173796e-12 6.0005600e+00 5.6197100e+00
1.4635600e-04 2.3477900e-12 6.2077900e+00 5.8452900e+00
1.5367400e-04 2.4853450e-12 6.4185300e+00 6.0750100e+00
1.6135800e-04 2.6302704e-12 6.6312100e+00 6.3071400e+00
1.6942600e-04 2.7828059e-12 6.8443100e+00 6.5399800e+00
1.7789700e-04 2.9432064e-12 7.0563500e+00 6.7718700e+00
1.8679200e-04 3.1117652e-12 7.2659900e+00 7.0012900e+00
1.9613100e-04 3.2887591e-12 7.4719800e+00 7.2268100e+00
2.0593800e-04 3.4745443e-12 7.6732200e+00 7.4471900e+00
2.1623500e-04 3.6694371e-12 7.8687600e+00 7.6613000e+00
2.2704700e-04 3.8738235e-12 8.0577800e+00 7.8682200e+00
2.3839900e-04 4.0880862e-12 8.2396300e+00 8.0671700e+00
2.5031900e-04 4.3126754e-12 8.4138000e+00 8.2575700e+00
2.6283500e-04 4.5480417e-12 8.5799000e+00 8.4389600e+00
2.7597700e-04 4.7946839e-12 8.7376800e+00 8.6110600e+00
2.8977500e-04 5.0530961e-12 8.8870300e+00 8.7737000e+00
3.0426400e-04 5.3238844e-12 9.0278900e+00 8.9268600e+00
3.1947700e-04 5.6076103e-12 9.1603400e+00 9.0706000e+00
3.3545100e-04 5.9049210e-12 9.2845000e+00 9.2050800e+00
3.5222400e-04 6.2164807e-12 9.4005800e+00 9.3305300e+00
3.6983500e-04 6.5429839e-12 9.5088200e+00 9.4472500e+00
3.8832700e-04 6.8851921e-12 9.6095300e+00 9.5555800e+00
4.0774300e-04 7.2438797e-12 9.7030200e+00 9.6559000e+00
4.2813000e-04 7.6198931e-12 9.7896300e+00 9.7486100e+00
4.4953700e-04 8.0141074e-12 9.8697300e+00 9.8341100e+00
4.7201400e-04 8.4274405e-12 9.9436800e+00 9.9128500e+00
4.9561400e-04 8.8608583e-12 1.0011800e+01 9.9852300e+00
5.2039500e-04 9.3153856e-12 1.0074600e+01 1.0051700e+01
5.4641500e-04 9.7920863e-12 1.0132300e+01 1.0112600e+01
5.7373600e-04 1.0292142e-11 1.0185200e+01 1.0168400e+01
6.0242200e-04 1.0816624e-11 1.0233800e+01 1.0219400e+01
6.3254400e-04 1.1366885e-11 1.0278300e+01 1.0266000e+01
6.6417100e-04 1.1944218e-11 1.0319000e+01 1.0308600e+01
6.9737900e-04 1.2549956e-11 1.0356300e+01 1.0347500e+01
7.3224800e-04 1.3185562e-11 1.0390300e+01 1.0382900e+01
7.6886100e-04 1.3852495e-11 1.0421400e+01 1.0415100e+01
8.0730400e-04 1.4552426e-11 1.0449800e+01 1.0444500e+01
8.4766900e-04 1.5287015e-11 1.0475700e+01 1.0471300e+01
8.9005200e-04 1.6057922e-11 1.0499300e+01 1.0495600e+01
9.3455500e-04 1.6867062e-11 1.0520800e+01 1.0517700e+01
9.8128300e-04 1.7716339e-11 1.0540400e+01 1.0537800e+01
1.0303500e-03 1.8607884e-11 1.0558200e+01 1.0556100e+01
1.0818600e-03 1.9543508e-11 1.0574400e+01 1.0572700e+01
1.1359600e-03 2.0525887e-11 1.0589200e+01 1.0587800e+01
1.1927600e-03 2.1557067e-11 1.0602600e+01 1.0601500e+01
1.2523900e-03 2.2639258e-11 1.0614900e+01 1.0613900e+01
1.3150100e-03 2.3775595e-11 1.0626000e+01 1.0625200e+01
1.3807600e-03 2.4968554e-11 1.0636100e+01 1.0635500e+01
1.4498000e-03 2.6221002e-11 1.0645200e+01 1.0644800e+01
1.5222900e-03 2.7535672e-11 1.0653600e+01 1.0653200e+01
1.5984100e-03 2.8916218e-11 1.0661100e+01 1.0660900e+01
1.6783300e-03 3.0365294e-11 1.0668000e+01 1.0667800e+01
1.7622400e-03 3.1886578e-11 1.0674300e+01 1.0674100e+01
1.8503500e-03 3.3483954e-11 1.0679900e+01 1.0679800e+01
1.9428700e-03 3.5161049e-11 1.0685100e+01 1.0685000e+01
2.0400200e-03 3.6922040e-11 1.0689700e+01 1.0689700e+01
2.1420200e-03 3.8770723e-11 1.0694000e+01 1.0694000e+01
2.2491200e-03 4.0711651e-11 1.0697800e+01 1.0697800e+01
2.3615700e-03 4.2749455e-11 1.0701300e+01 1.0701300e+01
2.4796500e-03 4.4889192e-11 1.0704500e+01 1.0704500e+01
2.6036300e-03 4.7135734e-11 1.0707400e+01 1.0707400e+01
2.7338200e-03 4.9494677e-11 1.0710000e+01 1.0710000e+01
2.8705100e-03 5.1971333e-11 1.0712400e+01 1.0712400e+01
3.0140300e-03 5.4571582e-11 1.0714500e+01 1.0714500e+01
3.1647300e-03 5.7301917e-11 1.0716500e+01 1.0716500e+01
3.3229700e-03 6.0168947e-11 1.0718200e+01 1.0718300e+01
3.4891200e-03 6.3178993e-11 1.0719800e+01 1.0719900e+01
3.6635800e-03 6.6339252e-11 1.0721300e+01 1.0721300e+01
3.8467500e-03 6.9657459e-11 1.0722600e+01 1.0722600e+01
4.0390900e-03 7.3141741e-11 1.0723800e+01 1.0723800e+01
4.2410500e-03 7.6800240e-11 1.0724900e+01 1.0724900e+01
4.4531000e-03 8.0641460e-11 1.0725900e+01 1.0725900e+01
4.6757500e-03 8.4674626e-11 1.0726800e+01 1.0726800e+01
4.9095400e-03 8.8909507e-11 1.0727600e+01 1.0727600e+01
5.1550200e-03 9.3356052e-11 1.0728300e+01 1.0728300e+01
5.4127700e-03 9.8024902e-11 1.0729000e+01 1.0729000e+01
5.6834100e-03 1.0292713e-10 1.0729600e+01 1.0729600e+01
5.9675800e-03 1.0807449e-10 1.0730200e+01 1.0730200e+01
6.2659600e-03 1.1347911e-10 1.0730700e+01 1.0730700e+01
6.5792600e-03 1.1915403e-10 1.0731200e+01 1.0731200e+01
6.9082200e-03 1.2511265e-10 1.0731700e+01 1.0731700e+01
7.2536300e-03 1.3136989e-10 1.0732200e+01 1.0732300e+01
7.6163100e-03 1.3794007e-10 1.0732700e+01 1.0732900e+01
7.9971300e-03 1.4483896e-10 1.0733500e+01 1.0733700e+01
8.3969800e-03 1.5208433e-10 1.0734400e+01 1.0734800e+01
8.8168300e-03 1.5969327e-10 1.0735700e+01 1.0736300e+01
9.2576700e-03 1.6768572e-10 1.0737500e+01 1.0738500e+01
9.7205600e-03 1.7608132e-10 1.0740100e+01 1.0741600e+01
1.0206600e-02 1.8490912e-10 1.0744700e+01 1.0747400e+01
1.0716900e-02 1.9417840e-10 1.0749800e+01 1.0753500e+01
1.1252800e-02 2.0392432e-10 1.0756700e+01 1.0761900e+01
1.1815400e-02 2.1417015e-10 1.0766200e+01 1.0773300e+01
1.2406200e-02 2.2494972e-10 1.0778700e+01 1.0788400e+01
1.3026500e-02 2.3629170e-10 1.0795100e+01 1.0808000e+01
1.3677800e-02 2.4823328e-10 1.0816200e+01 1.0833200e+01
1.4361700e-02 2.6081097e-10 1.0842700e+01 1.0864700e+01
1.5079800e-02 2.7406594e-10 1.0875600e+01 1.0903700e+01
1.5833800e-02 2.8803977e-10 1.0915800e+01 1.0951100e+01
1.6625500e-02 3.0277797e-10 1.0964100e+01 1.1007800e+01
1.7456700e-02 3.1832509e-10 1.1021400e+01 1.1074600e+01
1.8329600e-02 3.3473859e-10 1.1088300e+01 1.1152400e+01
1.9246000e-02 3.5206169e-10 1.1165500e+01 1.1241600e+01
2.0208300e-02 3.7035127e-10 1.1253500e+01 1.1342600e+01
2.1218800e-02 3.8966616e-10 1.1352400e+01 1.1455700e+01
2.2279700e-02 4.1005355e-10 1.1462500e+01 1.1580700e+01
2.3393700e-02 4.3157753e-10 1.1583600e+01 1.1717500e+01
2.4563400e-02 4.5429050e-10 1.1715300e+01 1.1865300e+01
2.5791500e-02 4.7825261e-10 1.1857300e+01 1.2023700e+01
2.7081100e-02 5.0352286e-10 1.2008900e+01 1.2191600e+01
2.8435200e-02 5.3016030e-10 1.2169200e+01 1.2367900e+01
2.9856900e-02 5.5822742e-10 1.2337300e+01 1.2551600e+01
3.1349800e-02 5.8778650e-10 1.2512000e+01 1.2741100e+01
3.2917300e-02 6.1890306e-10 1.2692300e+01 1.2935300e+01
3.4563100e-02 6.5164022e-10 1.2876900e+01 1.3132600e+01
3.6291300e-02 6.8607444e-10 1.3064800e+01 1.3331900e+01
3.8105800e-02 7.2227489e-10 1.3254700e+01 1.3531800e+01
4.0011100e-02 7.6032793e-10 1.3445500e+01 1.3731300e+01
4.2011700e-02 8.0030583e-10 1.3636500e+01 1.3929200e+01
4.4112300e-02 8.4230790e-10 1.3826600e+01 1.4124900e+01
4.6317900e-02 8.8642736e-10 1.4015300e+01 1.4317800e+01
4.8633800e-02 9.3276641e-10 1.4202200e+01 1.4507500e+01
5.1065500e-02 9.8144389e-10 1.4386900e+01 1.4694000e+01
5.3618700e-02 1.0325778e-09 1.4569700e+01 1.4877600e+01
5.6299700e-02 1.0863069e-09 1.4750700e+01 1.5058700e+01
5.9114700e-02 1.1427761e-09 1.4930500e+01 1.5238200e+01
6.2070400e-02 1.2021533e-09 1.5109900e+01 1.5417400e+01
6.5173900e-02 1.2646111e-09 1.5290300e+01 1.5597800e+01
6.8432600e-02 1.3303546e-09 1.5473200e+01 1.5781500e+01
7.1854200e-02 1.3996043e-09 1.5660500e+01 1.5970900e+01
7.5447000e-02 1.4726086e-09 1.5854900e+01 1.6169100e+01
7.9219300e-02 1.5496427e-09 1.6059500e+01 1.6379800e+01
8.3180300e-02 1.6310436e-09 1.6278100e+01 1.6607800e+01
8.7339300e-02 1.7171708e-09 1.6515500e+01 1.6858600e+01
9.1706200e-02 1.8084598e-09 1.6777900e+01 1.7139500e+01
9.6291600e-02 1.9054320e-09 1.7072600e+01 1.7459400e+01
1.0110600e-01 2.0086694e-09 1.7409300e+01 1.7829400e+01
1.0616100e-01 2.1189019e-09 1.7800000e+01 1.8263800e+01
1.1147000e-01 2.2370337e-09 1.8259900e+01 1.8780800e+01
1.1704300e-01 2.3640237e-09 1.8808100e+01 1.9402700e+01
1.2289500e-01 2.5123295e-09 1.9764700e+01 2.0544600e+01
1.2904000e-01 2.6662282e-09 2.0733000e+01 2.1667400e+01
1.3549200e-01 2.8365998e-09 2.1982700e+01 2.3130000e+01
1.4226600e-01 3.0215643e-09 2.3474000e+01 2.4869800e+01
1.4938000e-01 3.2234318e-09 2.5276900e+01 2.6970400e+01
1.5684900e-01 3.4389532e-09 2.7308700e+01 2.9316300e+01
1.6469100e-01 3.6663142e-09 2.9509400e+01 3.1825800e+01
1.7292600e-01 3.9131125e-09 3.2087700e+01 3.4772500e+01
1.8157200e-01 4.1562996e-09 3.4341200e+01 3.7228800e+01
1.9065100e-01 4.4024955e-09 3.6387200e+01 3.9376600e+01
2.0018300e-01 4.6505432e-09 3.8134900e+01 4.1120100e+01
2.1019200e-01 4.9030440e-09 3.9622800e+01 4.2528700e+01
2.2070200e-01 5.1715355e-09 4.1163200e+01 4.4020200e+01
2.3173700e-01 5.4543828e-09 4.2697300e+01 4.5511400e+01
2.4332400e-01 5.7498079e-09 4.4155200e+01 4.6911300e+01
2.5549000e-01 6.0626746e-09 4.5646200e+01 4.8365600e+01
2.6826500e-01 6.3928735e-09 4.7158700e+01 4.9849200e+01
2.8167800e-01 6.7310311e-09 4.8419200e+01 5.1013900e+01
2.9576200e-01 7.0850442e-09 4.9607300e+01 5.2101500e+01
3.1055000e-01 7.4571213e-09 5.0757600e+01 5.3157700e+01
3.2607700e-01 7.8479670e-09 5.1869100e+01 5.4179200e+01
3.4238100e-01 8.2567325e-09 5.2900500e+01 5.5113300e+01
3.5950000e-01 8.6859100e-09 5.3889000e+01 5.6008300e+01
3.7747500e-01 9.1379935e-09 5.4864200e+01 5.6903300e+01
3.9634900e-01 9.6112557e-09 5.5774200e+01 5.7727100e+01
4.1616700e-01 1.0109524e-08 5.6671000e+01 5.8549000e+01
4.3697500e-01 1.0633763e-08 5.7551800e+01 5.9363500e+01
4.5882400e-01 1.1186029e-08 5.8431400e+01 6.0188000e+01
4.8176500e-01 1.1764672e-08 5.9260600e+01 6.0956400e+01
5.0585300e-01 1.2371123e-08 6.0040500e+01 6.1671600e+01
5.3114600e-01 1.3009003e-08 6.0806300e+01 6.2380000e+01
5.5770300e-01 1.3677271e-08 6.1521100e+01 6.3032100e+01
5.8558800e-01 1.4378722e-08 6.2203200e+01 6.3652800e+01
6.1486800e-01 1.5115666e-08 6.2862700e+01 6.4254800e+01
6.4561100e-01 1.5890144e-08 6.3504400e+01 6.4843900e+01
6.7789100e-01 1.6705333e-08 6.4145600e+01 6.5441700e+01
7.1178600e-01 1.7562619e-08 6.4779300e+01 6.6037400e+01
7.4737500e-01 1.8465003e-08 6.5417900e+01 6.6645700e+01
7.8474400e-01 1.9411225e-08 6.6020800e+01 6.7213500e+01
8.2398100e-01 2.0405463e-08 6.6611300e+01 6.7770900e+01
8.6518000e-01 2.1447795e-08 6.7164500e+01 6.8286000e+01
9.0843900e-01 2.2544031e-08 6.7715000e+01 6.8804100e+01
9.5386100e-01 2.3694882e-08 6.8244400e+01 6.9300500e+01
1.0015500e+00 2.4903180e-08 6.8754800e+01 6.9778100e+01
1.0516300e+00 2.6181018e-08 6.9323800e+01 7.0337700e+01
1.1042100e+00 2.7523661e-08 6.9886600e+01 7.0891000e+01
1.1594200e+00 2.8934316e-08 7.0441900e+01 7.1436200e+01
1.2174000e+00 3.0416431e-08 7.0988300e+01 7.1971500e+01
1.2782700e+00 3.1972968e-08 7.1524300e+01 7.2495200e+01
1.3421800e+00 3.3607637e-08 7.2048400e+01 7.3005700e+01
1.4092900e+00 3.5324311e-08 7.2559200e+01 7.3501200e+01
1.4797500e+00 3.7126694e-08 7.3055500e+01 7.3980500e+01
1.5537400e+00 3.9019231e-08 7.3535900e+01 7.4442300e+01
1.6314300e+00 4.1006009e-08 7.3999600e+01 7.4885400e+01
1.7130000e+00 4.3091527e-08 7.4445500e+01 7.5309100e+01
1.7986500e+00 4.5280705e-08 7.4873000e+01 7.5712800e+01
1.8885800e+00 4.7578472e-08 7.5281500e+01 7.6096000e+01
1.9830100e+00 4.9990281e-08 7.5670800e+01 7.6458600e+01
2.0821600e+00 5.2521638e-08 7.6040700e+01 7.6800700e+01
2.1862700e+00 5.5178548e-08 7.6391300e+01 7.7122600e+01
2.2955800e+00 5.7966948e-08 7.6722500e+01 7.7424300e+01
2.4103600e+00 6.0893696e-08 7.7035000e+01 7.7706800e+01
2.5308800e+00 6.3965626e-08 7.7328900e+01 7.7970600e+01
2.6574200e+00 6.7189704e-08 7.7604900e+01 7.8216300e+01
2.7902900e+00 7.0573851e-08 7.7863600e+01 7.8444900e+01
2.9298100e+00 7.4126127e-08 7.8105600e+01 7.8657100e+01
3.0763000e+00 7.7854626e-08 7.8331700e+01 7.8853800e+01
3.2301100e+00 8.1768266e-08 7.8542700e+01 7.9036000e+01
3.3916200e+00 8.5876763e-08 7.8739200e+01 7.9204600e+01
3.5612000e+00 9.0189401e-08 7.8922200e+01 7.9360400e+01
3.7392600e+00 9.4716710e-08 7.9092400e+01 7.9504400e+01
3.9262200e+00 9.9469345e-08 7.9250600e+01 7.9637400e+01
4.1225300e+00 1.0445878e-07 7.9397500e+01 7.9760200e+01
4.3286600e+00 1.0969694e-07 7.9533800e+01 7.9873500e+01
4.5450900e+00 1.1519602e-07 7.9660400e+01 7.9978100e+01
4.7723500e+00 1.2096966e-07 7.9777800e+01 8.0074800e+01
5.0109700e+00 1.2703127e-07 7.9886800e+01 8.0164200e+01
5.2615100e+00 1.3339501e-07 7.9988000e+01 8.0246800e+01
5.5245900e+00 1.4007683e-07 8.0081900e+01 8.0323300e+01
5.8008200e+00 1.4709218e-07 8.0169300e+01 8.0394300e+01
6.0908600e+00 1.5445796e-07 8.0250600e+01 8.0460300e+01
6.3954000e+00 1.6219180e-07 8.0326400e+01 8.0521900e+01
6.7151700e+00 1.7031244e-07 8.0397400e+01 8.0579800e+01
7.0509300e+00 1.7883920e-07 8.0464300e+01 8.0634500e+01
7.4034800e+00 1.8779302e-07 8.0527600e+01 8.0686900e+01
7.7736500e+00 1.9719506e-07 8.0588200e+01 8.0737600e+01
8.1623400e+00 2.0706884e-07 8.0646900e+01 8.0787600e+01
8.5704500e+00 2.1743785e-07 8.0704700e+01 8.0837900e+01
8.9989700e+00 2.2832822e-07 8.0762600e+01 8.0889700e+01
9.4489200e+00 2.3976695e-07 8.0821700e+01 8.0944200e+01
9.9213700e+00 2.5178267e-07 8.0883500e+01 8.1003000e+01
1.0417400e+01 2.6435541e-07 8.0858100e+01 8.0976600e+01
1.0938300e+01 2.7755595e-07 8.0823800e+01 8.0943200e+01
1.1485200e+01 2.9142452e-07 8.0800000e+01 8.0922400e+01
1.2059500e+01 3.0599918e-07 8.0788200e+01 8.0915800e+01
1.2662500e+01 3.2131539e-07 8.0789900e+01 8.0924800e+01
1.3295600e+01 3.3741231e-07 8.0806600e+01 8.0951200e+01
1.3960400e+01 3.5433395e-07 8.0839700e+01 8.0996400e+01
1.4658400e+01 3.7212192e-07 8.0890800e+01 8.1061800e+01
1.5391300e+01 3.9082362e-07 8.0961300e+01 8.1148800e+01
1.6160900e+01 4.1048974e-07 8.1052600e+01 8.1258900e+01
1.6968900e+01 4.3116821e-07 8.1166100e+01 8.1393300e+01
1.7817400e+01 4.5291791e-07 8.1303500e+01 8.1553500e+01
1.8708200e+01 4.7579143e-07 8.1466100e+01 8.1741000e+01
1.9643600e+01 4.9985351e-07 8.1655700e+01 8.1957200e+01
2.0625800e+01 5.2516780e-07 8.1874000e+01 8.2203700e+01
2.1657100e+01 5.5180127e-07 8.2122700e+01 8.2482100e+01
2.2740000e+01 5.7982691e-07 8.2403600e+01 8.2794100e+01
2.3877000e+01 6.0931830e-07 8.2718500e+01 8.3141300e+01
2.5070800e+01 6.4035501e-07 8.3069200e+01 8.3525300e+01
2.6324300e+01 6.7302191e-07 8.3457200e+01 8.3947300e+01
2.7640600e+01 7.0742391e-07 8.3888400e+01 8.4414800e+01
2.9022600e+01 7.4361989e-07 8.4354900e+01 8.4915900e+01
3.0473700e+01 7.8172255e-07 8.4861200e+01 8.5456900e+01
3.1997400e+01 8.2183273e-07 8.5407700e+01 8.6037600e+01
3.3597300e+01 8.6407338e-07 8.5999700e+01 8.6664900e+01
3.5277100e+01 9.0851182e-07 8.6624400e+01 8.7321600e+01
3.7041000e+01 9.5530699e-07 8.7292200e+01 8.8021800e+01
3.8893100e+01 1.0045530e-06 8.7994800e+01 8.8754700e+01
4.0837700e+01 1.0563670e-06 8.8729000e+01 8.9516600e+01
4.2879600e+01 1.1108790e-06 8.9491500e+01 9.0303800e+01
4.5023600e+01 1.1682440e-06 9.0285000e+01 9.1120600e+01
4.7274700e+01 1.2285687e-06 9.1098500e+01 9.1953500e+01
4.9638500e+01 1.2919978e-06 9.1927000e+01 9.2797100e+01
5.2120400e+01 1.3583236e-06 9.2592600e+01 9.3482000e+01
5.4726400e+01 1.4279520e-06 9.3229100e+01 9.4135600e+01
5.7462700e+01 1.5011151e-06 9.3865800e+01 9.4786600e+01
6.0335900e+01 1.5779691e-06 9.4497100e+01 9.5428300e+01
6.3352700e+01 1.6587052e-06 9.5123700e+01 9.6062400e+01
6.6520300e+01 1.7434937e-06 9.5739700e+01 9.6682200e+01
6.9846300e+01 1.8325561e-06 9.6347600e+01 9.7291400e+01
7.3338600e+01 1.9260139e-06 9.6934000e+01 9.7871700e+01
7.7005600e+01 2.0241128e-06 9.7503800e+01 9.8429500e+01
8.0855900e+01 2.1271360e-06 9.8062400e+01 9.8974100e+01
8.4898700e+01 2.2353182e-06 9.8607400e+01 9.9502900e+01
8.9143600e+01 2.3489181e-06 9.9138400e+01 1.0001600e+02
9.3600800e+01 2.4682085e-06 9.9654600e+01 1.0051300e+02
9.8280800e+01 2.5934647e-06 1.0015800e+02 1.0099500e+02
1.0319500e+02 2.7248141e-06 1.0060100e+02 1.0141700e+02
1.0835500e+02 2.8626777e-06 1.0101800e+02 1.0181200e+02
1.1377200e+02 3.0075280e-06 1.0144100e+02 1.0221400e+02
1.1946100e+02 3.1596926e-06 1.0185600e+02 1.0260800e+02
1.2543400e+02 3.3195110e-06 1.0226300e+02 1.0299500e+02
1.3170600e+02 3.4873282e-06 1.0264500e+02 1.0336000e+02
1.3829100e+02 3.6606981e-06 1.0275800e+02 1.0338000e+02
1.4520600e+02 3.8434800e-06 1.0291200e+02 1.0346900e+02
1.5246600e+02 4.0356424e-06 1.0306300e+02 1.0357000e+02
1.6008900e+02 4.2394467e-06 1.0336100e+02 1.0386900e+02
1.6809400e+02 4.4504435e-06 1.0343000e+02 1.0386900e+02
1.7649800e+02 4.6724994e-06 1.0352100e+02 1.0391000e+02
1.8532300e+02 4.9048430e-06 1.0354400e+02 1.0387100e+02
1.9458900e+02 5.1489068e-06 1.0356100e+02 1.0383500e+02
2.0431900e+02 5.4053507e-06 1.0357600e+02 1.0380600e+02
2.1453500e+02 5.6747443e-06 1.0358800e+02 1.0378200e+02
2.2526100e+02 5.9576862e-06 1.0360000e+02 1.0376300e+02
2.3652400e+02 6.2549258e-06 1.0361100e+02 1.0374900e+02
2.4835100e+02 6.5671443e-06 1.0362200e+02 1.0373900e+02
2.6076800e+02 6.8949993e-06 1.0363200e+02 1.0373100e+02
2.7380700e+02 7.2393927e-06 1.0364200e+02 1.0372700e+02
2.8749700e+02 7.6010232e-06 1.0365100e+02 1.0372400e+02
3.0187200e+02 7.9808088e-06 1.0366000e+02 1.0372300e+02
3.1696500e+02 8.3796313e-06 1.0366900e+02 1.0372400e+02
3.3281400e+02 8.7984205e-06 1.0367800e+02 1.0372500e+02
3.4945400e+02 9.2382190e-06 1.0368600e+02 1.0372800e+02
3.6692700e+02 9.7000443e-06 1.0369500e+02 1.0373200e+02
3.8527300e+02 1.0184923e-05 1.0370300e+02 1.0373500e+02
4.0453700e+02 1.0694161e-05 1.0371100e+02 1.0374000e+02
4.2476400e+02 1.1228855e-05 1.0371900e+02 1.0374500e+02
4.4600200e+02 1.1790311e-05 1.0372600e+02 1.0375000e+02
4.6830200e+02 1.2379844e-05 1.0373300e+02 1.0375500e+02
4.9171700e+02 1.2998875e-05 1.0374100e+02 1.0376100e+02
5.1630300e+02 1.3648910e-05 1.0374800e+02 1.0376700e+02
5.4211800e+02 1.4331444e-05 1.0375500e+02 1.0377300e+02
5.6922400e+02 1.5048043e-05 1.0376200e+02 1.0377800e+02
5.9768600e+02 1.5800567e-05 1.0376900e+02 1.0378400e+02
6.2757000e+02 1.6590828e-05 1.0377500e+02 1.0379100e+02
6.5894800e+02 1.7420384e-05 1.0378200e+02 1.0379600e+02
6.9189600e+02 1.8291536e-05 1.0378900e+02 1.0380200e+02
7.2649100e+02 1.9206303e-05 1.0379500e+02 1.0380800e+02
7.6281500e+02 2.0166798e-05 1.0380100e+02 1.0381400e+02
8.0095600e+02 2.1175281e-05 1.0380800e+02 1.0382000e+02
8.4100400e+02 2.2234264e-05 1.0381400e+02 1.0382600e+02
8.8305400e+02 2.3346197e-05 1.0382000e+02 1.0383200e+02
9.2720600e+02 2.4513606e-05 1.0382600e+02 1.0383700e+02
9.7356700e+02 2.5739553e-05 1.0383200e+02 1.0384300e+02
1.0222500e+03 2.7026913e-05 1.0383800e+02 1.0384900e+02
1.0733600e+03 2.8378466e-05 1.0384400e+02 1.0385500e+02
1.1270300e+03 2.9797681e-05 1.0384900e+02 1.0386000e+02
1.1833800e+03 3.1287827e-05 1.0385500e+02 1.0386600e+02
1.2425500e+03 3.2852403e-05 1.0386100e+02 1.0387100e+02
1.3046700e+03 3.4495267e-05 1.0386600e+02 1.0387700e+02
1.3699100e+03 3.6220377e-05 1.0387200e+02 1.0388200e+02
1.4384000e+03 3.8031616e-05 1.0387800e+02 1.0388800e+02
1.5103200e+03 3.9933517e-05 1.0388300e+02 1.0389300e+02
1.5858400e+03 4.1930635e-05 1.0388800e+02 1.0389800e+02
1.6651300e+03 4.4027326e-05 1.0389400e+02 1.0390300e+02
1.7483900e+03 4.6229378e-05 1.0389900e+02 1.0390900e+02
1.8358100e+03 4.8541249e-05 1.0390400e+02 1.0391400e+02
1.9276000e+03 5.0968544e-05 1.0391000e+02 1.0391900e+02
2.0239800e+03 5.3517400e-05 1.0391500e+02 1.0392400e+02
2.1251700e+03 5.6193482e-05 1.0392000e+02 1.0392900e+02
2.2314300e+03 5.9003669e-05 1.0392500e+02 1.0393400e+02
2.3430000e+03 6.1954310e-05 1.0393000e+02 1.0393900e+02
2.4601500e+03 6.5052547e-05 1.0393500e+02 1.0394400e+02
2.5831600e+03 6.8305788e-05 1.0394000e+02 1.0394900e+02
2.7123200e+03 7.1721705e-05 1.0394500e+02 1.0395400e+02
2.8479400e+03 7.5308499e-05 1.0395000e+02 1.0395900e+02
2.9903300e+03 7.9074373e-05 1.0395500e+02 1.0396400e+02
3.1398500e+03 8.3028450e-05 1.0396000e+02 1.0396800e+02
3.2968400e+03 8.7180785e-05 1.0396400e+02 1.0397300e+02
3.4616800e+03 9.1540505e-05 1.0396900e+02 1.0397800e+02
3.6347700e+03 9.6117996e-05 1.0397400e+02 1.0398200e+02
3.8165100e+03 1.0092474e-04 1.0397900e+02 1.0398700e+02
4.0073300e+03 1.0597203e-04 1.0398300e+02 1.0399200e+02
4.2077000e+03 1.1127108e-04 1.0398800e+02 1.0399600e+02
4.4180800e+03 1.1683543e-04 1.0399300e+02 1.0400100e+02
4.6389900e+03 1.2267815e-04 1.0399700e+02 1.0400500e+02
4.8709400e+03 1.2881310e-04 1.0400200e+02 1.0401000e+02
5.1144900e+03 1.3525492e-04 1.0400700e+02 1.0401500e+02
5.3702100e+03 1.4201846e-04 1.0401100e+02 1.0401900e+02
5.6387200e+03 1.4912032e-04 1.0401500e+02 1.0402300e+02
5.9206600e+03 1.5657770e-04 1.0402000e+02 1.0402800e+02
6.2166900e+03 1.6440756e-04 1.0402400e+02 1.0403200e+02
6.5275200e+03 1.7262837e-04 1.0402900e+02 1.0403600e+02
6.8539000e+03 1.8126193e-04 1.0403300e+02 1.0404100e+02
7.1965900e+03 1.9032550e-04 1.0403800e+02 1.0404500e+02
7.5564200e+03 1.9984403e-04 1.0404200e+02 1.0405000e+02
7.9342500e+03 2.0983781e-04 1.0404600e+02 1.0405400e+02
8.3309600e+03 2.2033034e-04 1.0405100e+02 1.0405800e+02
8.7475100e+03 2.3134876e-04 1.0405600e+02 1.0406300e+02
9.1848800e+03 2.4291878e-04 1.0406000e+02 1.0406800e+02
9.6441200e+03 2.5506543e-04 1.0406500e+02 1.0407200e+02
1.0126300e+04 2.6781973e-04 1.0406900e+02 1.0407600e+02
1.0632600e+04 2.8121347e-04 1.0407300e+02 1.0408100e+02
1.1164300e+04 2.9527694e-04 1.0407800e+02 1.0408500e+02
1.1722500e+04 3.1004387e-04 1.0408200e+02 1.0409000e+02
1.2308600e+04 3.2554644e-04 1.0408700e+02 1.0409400e+02
1.2924000e+04 3.4182680e-04 1.0409100e+02 1.0409900e+02
1.3570300e+04 3.5892193e-04 1.0409600e+02 1.0410300e+02
1.4248800e+04 3.7687005e-04 1.0410000e+02 1.0410700e+02
1.4961200e+04 3.9571503e-04 1.0410400e+02 1.0411100e+02
1.5709300e+04 4.1550449e-04 1.0410800e+02 1.0411500e+02
1.6494700e+04 4.3628149e-04 1.0411300e+02 1.0412000e+02
1.7319500e+04 4.5810022e-04 1.0411700e+02 1.0412400e+02
1.8185400e+04 4.8100632e-04 1.0412100e+02 1.0412800e+02
1.9094700e+04 5.0506067e-04 1.0412500e+02 1.0413200e+02
2.0049400e+04 5.3031702e-04 1.0413000e+02 1.0413700e+02
2.1051900e+04 5.5683455e-04 1.0413400e+02 1.0414000e+02
2.2104500e+04 5.8468016e-04 1.0413800e+02 1.0414400e+02
2.3209700e+04 6.1392038e-04 1.0414200e+02 1.0414900e+02
2.4370200e+04 6.4461783e-04 1.0414600e+02 1.0415200e+02
2.5588700e+04 6.7685603e-04 1.0415000e+02 1.0415700e+02
2.6868200e+04 7.1070510e-04 1.0415400e+02 1.0416100e+02
2.8211600e+04 7.4624487e-04 1.0415800e+02 1.0416500e+02
2.9622200e+04 7.8355889e-04 1.0416200e+02 1.0416800e+02
3.1103300e+04 8.2274184e-04 1.0416600e+02 1.0417200e+02
3.2658400e+04 8.6388274e-04 1.0417000e+02 1.0417600e+02
3.4291300e+04 9.0708215e-04 1.0417400e+02 1.0418000e+02
3.6005900e+04 9.5244633e-04 1.0417700e+02 1.0418400e+02
3.7806200e+04 1.0000720e-03 1.0418200e+02 1.0418800e+02
3.9696500e+04 1.0500854e-03 1.0418500e+02 1.0419200e+02
4.1681400e+04 1.1025987e-03 1.0418900e+02 1.0419600e+02
4.3765400e+04 1.1577286e-03 1.0419300e+02 1.0419900e+02
4.5953700e+04 1.2156236e-03 1.0419700e+02 1.0420300e+02
4.8251400e+04 1.2764175e-03 1.0420000e+02 1.0420700e+02
5.0663900e+04 1.3402450e-03 1.0420400e+02 1.0421100e+02
5.3197100e+04 1.4072597e-03 1.0420800e+02 1.0421400e+02
5.5857000e+04 1.4776333e-03 1.0421200e+02 1.0421800e+02
5.8649800e+04 1.5515236e-03 1.0421600e+02 1.0422200e+02
6.1582300e+04 1.6291078e-03 1.0421900e+02 1.0422500e+02
6.4661500e+04 1.7105819e-03 1.0422200e+02 1.0422900e+02
6.7894500e+04 1.7961147e-03 1.0422700e+02 1.0423300e+02
7.1289300e+04 1.8859405e-03 1.0423000e+02 1.0423700e+02
7.4853700e+04 1.9802390e-03 1.0423400e+02 1.0424000e+02
7.8596400e+04 2.0792647e-03 1.0423800e+02 1.0424400e+02
8.2526200e+04 2.1832378e-03 1.0424100e+02 1.0424700e+02
8.6652500e+04 2.2924141e-03 1.0424500e+02 1.0425100e+02
9.0985200e+04 2.4070484e-03 1.0424800e+02 1.0425400e+02
9.5534400e+04 2.5274153e-03 1.0425200e+02 1.0425800e+02
1.0031100e+05 2.6537957e-03 1.0425500e+02 1.0426100e+02
1.0532700e+05 2.7865152e-03 1.0425900e+02 1.0426500e+02
1.1059300e+05 2.9258457e-03 1.0426200e+02 1.0426800e+02
1.1612300e+05 3.0721669e-03 1.0426600e+02 1.0427200e+02
1.2192900e+05 3.2257919e-03 1.0427000e+02 1.0427600e+02
1.2802500e+05 3.3870858e-03 1.0427300e+02 1.0427900e+02
1.3442700e+05 3.5564770e-03 1.0427600e+02 1.0428200e+02
1.4114800e+05 3.7343155e-03 1.0428000e+02 1.0428600e+02
1.4820500e+05 3.9210394e-03 1.0428300e+02 1.0428900e+02
1.5561600e+05 4.1171376e-03 1.0428700e+02 1.0429300e+02
1.6339600e+05 4.3229940e-03 1.0429000e+02 1.0429600e+02
1.7156600e+05 4.5391708e-03 1.0429300e+02 1.0429900e+02
1.8014400e+05 4.7661290e-03 1.0429700e+02 1.0430200e+02
1.8915200e+05 5.0045046e-03 1.0430000e+02 1.0430600e+02
1.9860900e+05 5.2547391e-03 1.0430300e+02 1.0430900e+02
2.0854000e+05 5.5175259e-03 1.0430700e+02 1.0431300e+02
2.1896700e+05 5.7934299e-03 1.0431000e+02 1.0431600e+02
2.2991500e+05 6.0831019e-03 1.0431400e+02 1.0431900e+02
2.4141100e+05 6.3872942e-03 1.0431700e+02 1.0432200e+02
2.5348100e+05 6.7067086e-03 1.0432000e+02 1.0432600e+02
2.6615500e+05 7.0420765e-03 1.0432300e+02 1.0432900e+02
2.7946300e+05 7.3942224e-03 1.0432600e+02 1.0433200e+02
2.9343600e+05 7.7639419e-03 1.0433000e+02 1.0433500e+02
3.0810800e+05 8.1522224e-03 1.0433300e+02 1.0433900e+02
3.2351300e+05 8.5598640e-03 1.0433600e+02 1.0434200e+02
3.3968900e+05 8.9879095e-03 1.0433900e+02 1.0434500e+02
3.5667400e+05 9.4373346e-03 1.0434300e+02 1.0434800e+02
3.7450700e+05 9.9092303e-03 1.0434600e+02 1.0435100e+02
3.9323300e+05 1.0404809e-02 1.0434900e+02 1.0435500e+02
4.1289400e+05 1.0925084e-02 1.0435200e+02 1.0435800e+02
4.3353900e+05 1.1471401e-02 1.0435500e+02 1.0436100e+02
4.5521600e+05 1.2045030e-02 1.0435800e+02 1.0436400e+02
4.7797700e+05 1.2647307e-02 1.0436200e+02 1.0436700e+02
5.0187600e+05 1.3279740e-02 1.0436500e+02 1.0437000e+02
5.2696900e+05 1.3943818e-02 1.0436700e+02 1.0437300e+02
5.5331800e+05 1.4641046e-02 1.0437100e+02 1.0437600e+02
5.8098400e+05 1.5373249e-02 1.0437400e+02 1.0438000e+02
6.1003300e+05 1.6141906e-02 1.0437700e+02 1.0438200e+02
6.4053400e+05 1.6949065e-02 1.0438000e+02 1.0438500e+02
6.7256100e+05 1.7796611e-02 1.0438300e+02 1.0438800e+02
7.0618900e+05 1.8686620e-02 1.0438600e+02 1.0439200e+02
7.4149900e+05 1.9621059e-02 1.0438900e+02 1.0439500e+02
7.7857400e+05 2.0602212e-02 1.0439200e+02 1.0439800e+02
8.1750200e+05 2.1632304e-02 1.0439500e+02 1.0440000e+02
8.5837700e+05 2.2714026e-02 1.0439800e+02 1.0440300e+02
9.0129600e+05 2.3849845e-02 1.0440100e+02 1.0440600e+02
9.4636100e+05 2.5042462e-02 1.0440400e+02 1.0440900e+02
9.9367900e+05 2.6294710e-02 1.0440700e+02 1.0441200e+02
1.0433600e+06 2.7609500e-02 1.0441000e+02 1.0441500e+02
1.0955300e+06 2.8990167e-02 1.0441300e+02 1.0441800e+02
1.1503100e+06 3.0439913e-02 1.0441600e+02 1.0442100e+02
1.2078200e+06 3.1961916e-02 1.0441900e+02 1.0442400e+02
1.2682100e+06 3.3560146e-02 1.0442200e+02 1.0442700e+02
1.3316300e+06 3.5238574e-02 1.0442500e+02 1.0443000e+02
1.3982100e+06 3.7000640e-02 1.0442800e+02 1.0443300e+02
1.4681200e+06 3.8850783e-02 1.0443000e+02 1.0443500e+02
