# Frequencies [Hz],h_c [strain], S_eff [strain^2/Hz], Omega_GW [H0=67.4 km/s/Mpc]
2.000000000000000331e-10,2.141465183890984695e-13,2.292936566908624178e-16,2.529716252976262299e-09
2.046743597265042972e-10,2.068949696494875582e-13,2.091396720305424581e-16,2.472956788750634757e-09
2.094579676472715070e-10,1.998909133216769798e-13,1.907608370184368673e-16,2.417517680370863271e-09
2.143533770891007091e-10,1.931259258301976976e-13,1.740006326668109511e-16,2.363369363393838840e-09
2.193632010546280791e-10,1.865918706073867681e-13,1.587163480901858281e-16,2.310482964309856271e-09
2.244901136170612005e-10,1.802808883201917569e-13,1.447778620173827109e-16,2.258830285273404361e-09
2.297368513475109809e-10,1.741853874298493144e-13,1.320665318433921703e-16,2.208383789202017113e-09
2.351062147756735509e-10,1.682980350733879511e-13,1.204741807297134458e-16,2.159116585242903523e-09
2.406010698846649006e-10,1.626117482556856361e-13,1.099021740985859358e-16,2.111002414592936929e-09
2.462243496407784605e-10,1.571196853417485956e-13,1.002605776313587348e-16,2.064015636670817329e-09
2.519790555590052160e-10,1.518152378388752130e-13,9.146738957705630492e-17,2.018131215632427631e-09
2.578682593051431736e-10,1.466920224588347038e-13,8.344784081238832381e-17,1.973324707222860681e-09
2.638951043353417658e-10,1.417438734506282603e-13,7.613375667347314899e-17,1.929572245961682619e-09
2.700628075739744950e-10,1.369648351944983875e-13,6.946297510706881732e-17,1.886850532652665278e-09
2.763746611307267647e-10,1.323491550483687031e-13,6.337881617060339081e-17,1.845136822214362706e-09
2.828340340578042436e-10,1.278912764381547995e-13,5.782959834896578886e-17,1.804408911827102056e-09
2.894443741482269295e-10,1.235858321835568504e-13,5.276819755591659625e-17,1.764645129389316666e-09
2.962092097761354581e-10,1.194276380513942104e-13,4.815164505288091790e-17,1.725824322280174803e-09
3.031321517801203158e-10,1.154116865287154772e-13,4.394076085028474369e-17,1.687925846423809838e-09
3.102168953905681252e-10,1.115331408082317778e-13,4.009981945982389219e-17,1.650929555651642121e-09
3.174672222020424342e-10,1.077873289788228542e-13,3.659624514241974972e-17,1.614815791358081544e-09
3.248870021917731041e-10,1.041697384141588250e-13,3.340033404866406938e-17,1.579565372446898075e-09
3.324801957853227545e-10,1.006760103526978857e-13,3.048500087831086396e-17,1.545159585564914086e-09
3.402508559705171804e-10,9.730193466258203774e-14,2.782554789487953738e-17,1.511580175620950134e-09
3.482031304608031205e-10,9.404344478508830184e-14,2.539945432237155460e-17,1.478809336586127943e-09
3.563412639091465529e-10,9.089661285063476044e-14,2.318618432532900992e-17,1.446829702575124259e-09
3.646696001736877865e-10,8.785764496142766017e-14,2.116701193214850683e-17,1.415624339205380749e-09
3.731925846363492421e-10,8.492287663512878288e-14,1.932486140637762476e-17,1.385176735234066058e-09
3.819147665756201516e-10,8.208876840405131313e-14,1.764416170266021852e-17,1.355470794471007864e-09
3.908408015948103352e-10,7.935190156461212498e-14,1.611071376434179857e-17,1.326490827967581473e-09
3.999754541070574606e-10,7.670897407194408046e-14,1.471156952945218953e-17,1.298221546481511751e-09
4.093235998783988653e-10,7.415679657474974784e-14,1.343492161180668933e-17,1.270648053218166388e-09
4.188902286302937807e-10,7.169228858561539898e-14,1.227000271514916830e-17,1.243755836848641353e-09
4.286804467029718168e-10,6.931247478223593107e-14,1.120699392143464191e-17,1.217530764807518617e-09
4.386994797810111753e-10,6.701448143506459352e-14,1.023694107012023870e-17,1.191959076870545294e-09
4.489526756826448215e-10,6.479553295714955706e-14,9.351678514483022257e-18,1.167027379016712170e-09
4.594455072142312208e-10,6.265294857199405818e-14,8.543759603975390675e-18,1.142722637576838226e-09
4.701835750914569410e-10,6.058413909544663979e-14,7.806393299090630150e-18,1.119032173672939132e-09
4.811726109288134496e-10,5.858660382778032880e-14,7.133386377598880322e-18,1.095943657953602531e-09
4.924184802989262121e-10,5.665792755221695561e-14,6.519090738762562901e-18,1.073445105630145633e-09
5.039271858634027566e-10,5.479577763631056102e-14,5.958355355691978221e-18,1.051524871820487098e-09
5.157048705768553579e-10,5.299790123270653974e-14,5.446482465697647270e-18,1.030171647207563859e-09
5.277578209657859463e-10,5.126212257593645161e-14,4.979187624697829034e-18,1.009374454020975800e-09
5.400924704841364924e-10,4.958634037198387885e-14,4.552563284731920729e-18,9.891226423503925237e-10
5.527154029472326441e-10,4.796852527751798184e-14,4.163045583731551006e-18,9.694058868018074481e-10
5.656333560460059644e-10,4.640671746575710266e-14,3.807384064124115958e-18,9.502141835078049488e-10
5.788532249433504489e-10,4.489902427603911879e-14,3.482614061859357923e-18,9.315378475043932051e-10
5.923820659545120110e-10,4.344361794429759831e-14,3.186031530257404307e-18,9.133675104893052423e-10
6.062271003135152974e-10,4.203873341169779514e-14,2.915170083861058488e-18,8.956941189766964005e-10
6.203957180276200982e-10,4.068266620881505001e-14,2.667780066438462774e-18,8.785089328660321255e-10
6.348954818218374605e-10,3.937377041280907211e-14,2.441809464562606646e-18,8.618035244439685186e-10
6.497341311756750951e-10,3.811045667512599551e-14,2.235386503951342748e-18,8.455697778398220274e-10
6.649195864541891286e-10,3.689119031737124545e-14,2.046803780123375756e-18,8.297998889580823644e-10
6.804599531356129144e-10,3.571448949303396964e-14,1.874503788019141332e-18,8.144863659122203487e-10
6.963635261377933940e-10,3.457892341285442614e-14,1.717065727183780525e-18,7.996220299876366704e-10
7.126387942457183397e-10,3.348311063167614933e-14,1.573193469995827936e-18,7.852000171631675702e-10
7.292944446425491202e-10,3.242571739469707025e-14,1.441704590353898166e-18,7.712137802235937983e-10
7.463393675465511962e-10,3.140545604110580594e-14,1.321520359286569012e-18,7.576570914986034368e-10
7.637826609563693531e-10,3.042108346313801479e-14,1.211656622202470682e-18,7.445240462661441222e-10
7.816336355072529795e-10,2.947139961865327252e-14,1.111215480023053270e-18,7.318090668619628283e-10
7.999018194407340264e-10,2.855524609538418021e-14,1.019377703301208407e-18,7.195069075401577127e-10
8.185969636904869295e-10,2.767150472505477538e-14,9.353958146835320013e-19,7.076126601333947229e-10
8.377290470870542820e-10,2.681909624561388265e-14,8.585877807777111756e-19,6.961217605652843260e-10
8.573082816841868760e-10,2.599697900986988452e-14,7.883312596863268872e-19,6.850299962715652396e-10
8.773451182096989311e-10,2.520414773884113844e-14,7.240583552087385461e-19,6.743335145907802375e-10
8.978502516437216491e-10,2.443963231817528059e-14,6.652508330360329476e-19,6.640288321898940740e-10
9.188346269272972708e-10,2.370249663600893289e-14,6.114357582046892596e-19,6.541128455946026384e-10
9.403094448044261117e-10,2.299183746065758396e-14,5.621815166678937394e-19,6.445828428989517505e-10
9.622861678006529918e-10,2.230678335653581214e-14,5.170941871197136476e-19,6.354365167334256455e-10
9.847765263413464795e-10,2.164649363671391605e-14,4.758142321945217837e-19,6.266719785755189864e-10
1.007792525013030235e-09,2.101015735050662727e-14,4.380134808871897302e-19,6.182877744912423121e-10
1.031346448970994831e-09,2.039699230447727683e-14,4.033923765229405845e-19,6.102829024001143641e-10
1.055450870496706508e-09,1.980624411521548663e-14,3.716774668695791896e-19,6.026568309602695352e-10
1.080118655708474915e-09,1.923718529220591282e-14,3.426191150489169665e-19,5.954095201730091125e-10
1.105362971428923067e-09,1.868911434906104460e-14,3.159894117863880583e-19,5.885414438085867849e-10
1.131197292213000657e-09,1.816135494131762872e-14,2.915802712533504599e-19,5.820536137553919408e-10
1.157635407540256202e-09,1.765325502892396388e-14,2.692016943213549494e-19,5.759476063940749312e-10
1.184691429175158997e-09,1.716418606144036542e-14,2.486801844737454660e-19,5.702255910944388479e-10
1.212379798699514544e-09,1.669354218385833988e-14,2.298573029204082468e-19,5.648903609268571703e-10
1.240715295220856460e-09,1.624073946080409361e-14,2.125883506471706392e-19,5.599453656695556041e-10
1.269713043261042157e-09,1.580521511672749669e-14,1.967411662122097871e-19,5.553947471783218528e-10
1.299388520829225218e-09,1.538642678948630247e-14,1.821950290873287285e-19,5.512433771638585651e-10
1.329757567683455567e-09,1.498385179452376899e-14,1.688396592405770024e-19,5.474968973938120382e-10
1.360836393785418856e-09,1.459698639658436365e-14,1.565743044756244869e-19,5.441617622983222556e-10
1.392641587952778143e-09,1.422534508564464846e-14,1.453069077903596197e-19,5.412452839092920042e-10
1.425190126713679335e-09,1.386845985342775818e-14,1.349533476979927129e-19,5.387556790006097898e-10
1.458499383368288975e-09,1.352587946653621954e-14,1.254367450747623381e-19,5.367021182175209586e-10
1.492587137262029267e-09,1.319716873188293216e-14,1.166868306645558292e-19,5.350947768846201132e-10
1.527471583275602456e-09,1.288190774971719013e-14,1.086393678868738209e-19,5.339448870598940320e-10
1.563171341536818305e-09,1.257969114915605816e-14,1.012356260655178679e-19,5.332647902532329836e-10
1.599705467359345147e-09,1.229012730074195650e-14,9.442189962492184212e-20,5.330679900472187171e-10
1.637093461413804371e-09,1.201283750017809268e-14,8.814906919306825193e-20,5.333692036416256749e-10
1.675355280136585053e-09,1.174745511707363161e-14,8.237220090798211034e-20,5.341844110865240783e-10
1.714511346381861670e-09,1.149362470228921827e-14,7.705018055194042936e-20,5.355309006680470768e-10
1.754582560322671559e-09,1.125100104736108575e-14,7.214537943682797813e-20,5.374273085631733016e-10
1.795590310606666602e-09,1.101924818955983737e-14,6.762334923833094849e-20,5.398936504835846848e-10
1.837556485772664413e-09,1.079803835648356114e-14,6.345254322838553490e-20,5.429513425860844853e-10
1.880503485934026689e-09,1.058705084479279048e-14,5.960406158702543575e-20,5.466232084433606000e-10
1.924454234735031151e-09,1.038597082888857237e-14,5.605141868877763425e-20,5.509334683569020061e-10
1.969432191586753196e-09,1.019448809715551121e-14,5.277033045718213451e-20,5.559077067740585082e-10
2.015461364188923940e-09,1.001229571601185196e-14,4.973852006595571447e-20,5.615728130760451898e-10
2.062566321344374037e-09,9.839088625623635323e-15,4.693554043865968178e-20,5.679568905815506452e-10
2.110772206073046340e-09,9.674562175955086098e-15,4.434261216209218635e-20,5.750891283281111053e-10
2.160104749032508339e-09,9.518410618074788780e-15,4.194247558358357113e-20,5.829996301424777855e-10
2.210590282252040081e-09,9.370325573521587260e-15,3.971925600991210955e-20,5.917191958104527785e-10
2.262255753187843127e-09,9.229994514236703612e-15,3.765834106634086829e-20,6.012790499566134701e-10
2.315128739106612077e-09,9.097099297197619338e-15,3.574626940833048114e-20,6.117105157269635132e-10
2.369237461805364945e-09,8.971314811416292620e-15,3.397063010484730065e-20,6.230446327438755500e-10
2.424610802675305807e-09,8.852307810183240624e-15,3.231997212903835422e-20,6.353117223032489105e-10
2.481278318117659008e-09,8.739736017851694528e-15,3.078372349607264990e-20,6.485409076399117853e-10
2.539270255319946077e-09,8.633247617210956287e-15,2.935211967451158547e-20,6.627596035022528019e-10
2.598617568400834467e-09,8.532481239272664655e-15,2.801614096041936452e-20,6.779929973783018969e-10
2.659351934932420130e-09,8.437066590232128113e-15,2.676745853490058108e-20,6.942635544977863439e-10
2.721505772848666534e-09,8.346625858027946010e-15,2.559838891724248271e-20,7.115905899792677130e-10
2.785112257748929963e-09,8.260776040317148928e-15,2.450185646859106059e-20,7.299899636852939494e-10
2.850205340605993083e-09,8.179132323386855593e-15,2.347136348753321453e-20,7.494739655957402131e-10
2.916819765887972961e-09,8.101312613985931353e-15,2.250096726478652117e-20,7.700514704737377895e-10
2.984991090103664491e-09,8.026943280014177045e-15,2.158526323049330320e-20,7.917284484837470595e-10
3.054755700781425303e-09,7.955666089139120109e-15,2.071937304370607935e-20,8.145089210428085655e-10
3.126150835891635045e-09,7.887146246123977169e-15,1.989893615929922478e-20,8.383964461462754641e-10
3.199214603722982749e-09,7.821081321939489707e-15,1.912010309443041153e-20,8.633962024174718033e-10
3.273986003223404301e-09,7.757210745947946882e-15,1.837952834795434508e-20,8.895177144454450900e-10
3.350504944816434937e-09,7.695325405797080432e-15,1.767436075351036351e-20,9.167782229430721650e-10
3.428812271703937314e-09,7.635276781112817167e-15,1.700222902411328808e-20,9.452066528393858094e-10
3.508949781666919707e-09,7.576984942505811350e-15,1.636122041954301030e-20,9.748480735653139633e-10
3.590960249375668736e-09,7.520444693775257479e-15,1.574985086564674412e-20,1.005768483493045364e-09
3.674887449221450088e-09,7.465729137899360523e-15,1.516702547510341366e-20,1.038059691365786753e-09
3.760776178681833778e-09,7.412990017154012095e-15,1.461198922337517705e-20,1.071844018920439770e-09
3.848672282231952837e-09,7.362454317600952074e-15,1.408426844473374648e-20,1.107278517431685623e-09
3.938622675814843851e-09,7.314416831960739832e-15,1.358360472562964117e-20,1.144558381184164516e-09
4.030675371883470645e-09,7.269228627070099838e-15,1.310988356969153835e-20,1.183919254352205159e-09
4.124879505028177179e-09,7.227281640651878236e-15,1.266306078750460457e-20,1.225638162521914240e-09
4.221285358203109784e-09,7.188989913043361581e-15,1.224308986110304007e-20,1.270032851858454689e-09
4.319944389565443755e-09,7.154768222690518610e-15,1.184985354072381079e-20,1.317459383306641933e-09
4.420909259942039661e-09,7.125009128209711281e-15,1.148310270402095648e-20,1.368307904729057897e-09
4.524233860938053037e-09,7.100059624133858842e-15,1.114240514874791614e-20,1.422996614964663944e-09
4.629973343702332082e-09,7.080198800318921843e-15,1.082710662259492673e-20,1.481964052612581688e-09
4.738184148365264409e-09,7.065618066236892262e-15,1.053630612376203985e-20,1.545660008194081770e-09
4.848924034164661862e-09,7.056405661094669745e-15,1.026884737791254441e-20,1.614535593220489256e-09
4.962252110275531373e-09,7.052537295728218512e-15,1.002332836025047341e-20,1.689033319229931051e-09
5.078228867360694844e-09,7.053874804430983881e-15,9.798130619198836353e-21,1.769578439377144872e-09
5.196916209858505536e-09,7.060174526898499944e-15,9.591469698069963678e-21,1.856573242482371385e-09
5.318377489025382486e-09,7.071106665308307792e-15,9.401466814897039141e-21,1.950396368986426610e-09
5.442677536750618110e-09,7.086285942535449595e-15,9.226239864534598433e-21,2.051409384939933145e-09
5.569882700161278128e-09,7.105312450609988109e-15,9.064008658446521608e-21,2.159972604680416972e-09
5.700060877036211506e-09,7.127819670069454456e-15,8.913205375351338145e-21,2.276471298809402651e-09
5.833281552047414725e-09,7.153524489961807605e-15,8.772577180081806000e-21,2.401351848051464765e-09
5.969615833848643237e-09,7.182272100718723548e-15,8.641265026849375015e-21,2.535165170767089493e-09
6.109136493030864352e-09,7.214067460432453313e-15,8.518842128186090148e-21,2.678612177962948120e-09
6.251918000964569356e-09,7.249085258699196458e-15,8.405298514756990037e-21,2.832583659768794253e-09
6.398036569550122300e-09,7.287652345049845334e-15,8.300964854604593943e-21,2.998185593609218518e-09
6.547570191897155053e-09,7.330200498871287346e-15,8.206378515826815131e-21,3.176741065231007578e-09
6.700598683954473935e-09,7.377192779593599141e-15,8.122106079507702527e-21,3.369762276276290939e-09
6.857203727113167506e-09,7.429032696181323398e-15,8.048547045891247325e-21,3.578890642920932933e-09
7.017468911805430532e-09,7.485971028670631570e-15,7.985751407864564997e-21,3.805809645199836169e-09
7.181479782122125401e-09,7.548029190152343095e-15,7.933287620919319129e-21,4.052143437227727389e-09
7.349323881473376927e-09,7.614959341202596668e-15,7.890195983109052659e-21,4.319363313798182923e-09
7.521090799316352569e-09,7.686258765497680325e-15,7.855053925895964515e-21,4.608731952306191819e-09
7.696872218974851575e-09,7.761248044997261078e-15,7.826162303626861985e-21,4.921318398284030804e-09
7.876761966576978445e-09,7.839208808354167990e-15,7.801834688129267181e-21,5.258110296582758324e-09
8.060856061136118966e-09,7.919558650999560817e-15,7.780738019750985778e-21,5.620229822589616462e-09
8.249252765802696932e-09,8.002022693727528035e-15,7.762202105913973290e-21,6.009226353937617545e-09
8.442052640313807503e-09,8.086750596610333913e-15,7.746402207857674521e-21,6.427380249658241091e-09
8.639358594668330230e-09,8.174332646912384968e-15,7.734337392085400529e-21,6.877924417110334701e-09
8.841275944057060347e-09,8.265692776758240705e-15,7.727581122007385135e-21,7.365092286919694289e-09
9.047912465076118147e-09,8.361875943111941144e-15,7.727856514735411330e-21,7.893943332829424933e-09
9.259378453254518392e-09,8.463789680525653005e-15,7.736559869306751515e-21,8.469995503272325805e-09
9.475786781926288722e-09,8.571988167754065884e-15,7.754393681405576562e-21,9.098786391377867023e-09
9.697252962478177840e-09,8.686587388109434381e-15,7.781255242410275334e-21,9.785558540049544786e-09
9.923895206005797515e-09,8.807364569962985428e-15,7.816454029189590731e-21,1.053527970781981928e-08
1.015583448641080750e-08,8.934027234497171627e-15,7.859210657040295639e-21,1.135312858224523696e-08
1.039319460497239606e-08,9.066554459521939012e-15,7.909253400119076986e-21,1.224538520130647570e-08
1.063610225642839484e-08,9.205449837024320182e-15,7.967233170474133914e-21,1.322040693429212318e-08
1.088468709660054481e-08,9.351745382115170181e-15,8.034695064337309801e-21,1.428917085623710441e-08
1.113908181160027433e-08,9.506685672070509665e-15,8.113511867147949852e-21,1.546489018266861526e-08
1.139942218865215298e-08,9.671182679263863217e-15,8.204957485371668412e-21,1.676156764897150361e-08
1.166584718857242635e-08,9.845291412185047704e-15,8.308849020909055198e-21,1.819196036329705224e-08
1.193849901994148096e-08,1.002801996184708389e-14,8.423268635967647330e-21,1.976603770663450158e-08
1.221752321501008143e-08,1.021768685824016132e-14,8.545195527419962588e-21,2.149123172957908841e-08
1.250306870737942540e-08,1.041276733849862600e-14,8.671928962664173582e-21,2.337520070646845510e-08
1.279528791149684987e-08,1.061281363140488388e-14,8.802600922620204680e-21,2.543027076955406613e-08
1.309433680400948785e-08,1.081880672611468351e-14,8.938717609675707037e-21,2.767677755050391645e-08
1.340037500701918301e-08,1.103248416476698133e-14,9.083007511512096336e-21,3.014187841083240704e-08
1.371356587328347756e-08,1.125487024218999123e-14,9.236992430634988261e-21,3.285273741315442376e-08
1.403407657340767498e-08,1.148501637299628430e-14,9.398951216921011358e-21,3.582784648324349857e-08
1.436207818507471527e-08,1.172018489123890386e-14,9.564265847513216063e-21,3.907448680708027497e-08
1.469774578436077775e-08,1.195799952704326013e-14,9.728958085594335057e-21,4.259987359317442028e-08
1.504125853918481633e-08,1.219953096380312710e-14,9.894687691795852203e-21,4.643488812346672781e-08
1.539279980494230487e-08,1.245061581582702631e-14,1.007080168375535749e-20,5.065317711769482156e-08
1.575255722237412712e-08,1.271879959149292872e-14,1.026930807264701726e-20,5.535848089156963449e-08
1.612072281772269225e-08,1.300676906568787557e-14,1.049432109471837358e-20,6.063140944607965466e-08
1.649749310522916330e-08,1.330790892942805842e-14,1.073499100404630672e-20,6.647300852887614077e-08
1.688306919202599073e-08,1.361054616111359644e-14,1.097235133593468386e-20,7.281882888206770882e-08
1.727765688548090808e-08,1.391112659812575003e-14,1.120056061488891241e-20,7.966803030320564630e-08
1.768146680305012714e-08,1.422479376204789225e-14,1.144388979866146232e-20,8.724053509078164366e-08
1.809471448469858891e-08,1.457659106786576155e-14,1.174249018073540429e-20,9.594121051737048306e-08
1.851762050794789270e-08,1.497329401509170592e-14,1.210736193487457315e-20,1.060217205622434882e-07
1.895041060561309823e-08,1.538441502915808202e-14,1.248945105808316926e-20,1.172165696223542898e-07
1.939331578629104481e-08,1.576678726982839244e-14,1.281841555881587354e-20,1.289378244824260366e-07
1.984657245766509479e-08,1.612453615133982405e-14,1.310053242949001097e-20,1.412327034623918575e-07
2.031042255269138375e-08,1.652642103985736828e-14,1.344741064239690493e-20,1.553764975262161785e-07
2.078511365873426411e-08,1.702364582600423768e-14,1.394288825971613823e-20,1.726631825668192157e-07
2.127089914972022680e-08,1.755599822554505558e-14,1.448989398736324705e-20,1.923147245792821963e-07
2.176803832138015788e-08,1.800215306858206463e-14,1.488776849434134751e-20,2.117762581536494070e-07
2.227679652965236814e-08,1.836131621759164220e-14,1.513404015669998559e-20,2.307293699291097412e-07
2.279744533232105368e-08,1.877421781015261106e-14,1.546099789888895121e-20,2.526305419401826528e-07
2.333026263396392557e-08,1.928068701270521415e-14,1.593402086870285191e-20,2.790448737567765418e-07
2.387553283428871905e-08,1.972423604099579601e-14,1.629473528826095453e-20,3.058414268292875828e-07
2.443354697993586419e-08,2.005804906892691998e-14,1.646610427793632603e-20,3.312380332606306136e-07
2.500460291982912274e-08,2.049715660982013042e-14,1.680224358829227360e-20,3.622571340297207406e-07
2.558900546415747176e-08,2.108199458753627931e-14,1.736880694372632118e-20,4.013469738694117779e-07
2.618706654707224588e-08,2.155752121223125034e-14,1.774642150087472998e-20,4.395022792227597588e-07
2.679910539318674603e-08,2.213511233039361837e-14,1.828281917215449636e-20,4.852816141922627611e-07
2.742544868796802090e-08,2.359474368967454421e-14,2.029910015749988630e-20,5.774678291139808379e-07
2.806643075210969651e-08,2.616706648007129889e-14,2.439623955821323213e-20,7.438309276183485952e-07
2.872239371998154905e-08,2.947087156403292881e-14,3.023885401791932279e-20,9.881366451409398886e-07
2.939368772224895461e-08,3.558303251726024962e-14,4.307564995208179814e-20,1.508633859013329704e-06
3.008067107276050820e-08,5.427334014797538380e-14,9.792319605147423117e-20,3.675681949999285292e-06
3.078371045980411263e-08,1.411484409730254818e-13,6.471891169561900999e-19,2.603657691562311904e-05
3.150318114183249301e-08,2.426789340017538758e-12,1.869432319964176706e-16,8.060514464097518622e-03
3.223946714776311260e-08,3.741138293605673114e-13,4.341298715557049050e-18,2.006194424183405946e-04
3.299296148196041739e-08,8.232182844579783922e-14,2.054039144792979952e-19,1.017331283822867926e-05
3.376406633400725787e-08,4.582373597122648478e-14,6.219081426948084307e-20,3.301264040434281044e-06
3.455319329338069776e-08,3.704038191494988903e-14,3.970660195589438354e-20,2.259004389910416877e-06
3.536076356914417680e-08,3.386296872128120076e-14,3.242861677396244123e-20,1.977348011774574671e-06
3.618720821477433437e-08,3.187157030566671493e-14,2.807060958447553384e-20,1.834454166494032327e-06
3.703296835824308358e-08,3.201600991113945532e-14,2.767871267337989754e-20,1.938658186220566011e-06
3.789849543747647847e-08,3.299028846389503717e-14,2.871773985662676489e-20,2.155787490559020897e-06
3.878425144131662188e-08,3.405677550359756427e-14,2.990553935164640245e-20,2.406066709802869044e-06
3.969070915611607116e-08,3.555374073376438510e-14,3.184796913533988539e-20,2.746237562317043747e-06
4.061835241809478103e-08,3.655738213371224102e-14,3.290242240044430482e-20,3.040776969428095492e-06
4.156767637159510891e-08,3.765185506987167257e-14,3.410491790614901441e-20,3.378111940596323485e-06
4.253918773337384248e-08,3.846780011429091660e-14,3.478608136356338822e-20,3.692860235275792763e-06
4.353340506306919000e-08,3.938829822947191306e-14,3.563787475769856203e-20,4.054800528028379761e-06
4.455085903999113636e-08,4.042185808617345467e-14,3.667553547445740492e-20,4.472336730735010703e-06
4.559209274637965000e-08,4.127433873684024791e-14,3.736549334640287588e-20,4.883476326588592831e-06
4.665766195728317366e-08,4.228866606715561769e-14,3.832878037002116849e-20,5.368880042681203150e-06
4.774813543721294857e-08,4.341255508480361587e-14,3.947064993709239200e-20,5.925613384470429308e-06
4.886409524372984003e-08,4.461785810591091027e-14,4.074061439241832782e-20,6.555215046844705394e-06
5.000613703812643385e-08,4.595863227695275091e-14,4.223873320104192047e-20,7.284010923714855971e-06
5.117487040337179170e-08,4.708382467752603665e-14,4.331982726658638270e-20,8.006574600624697709e-06
5.237091916948465899e-08,4.883966935319112656e-14,4.554652353550641154e-20,9.022265573345561012e-06
5.359492174651379621e-08,5.080062381293031063e-14,4.815201320730969447e-20,1.022292457544995818e-05
5.484753146529905571e-08,5.215903511458349062e-14,4.960232250024963831e-20,1.128659790720850033e-05
5.612941692619678495e-08,5.372270141568077829e-14,5.141918098300023592e-20,1.253968222288457564e-05
5.744126235595657199e-08,5.529801589753832083e-14,5.323473817924031988e-20,1.391415487092452005e-05
5.878376797293781117e-08,5.752981094389339592e-14,5.630260293562309547e-20,1.577213617990792043e-05
6.015765036086192565e-08,6.062636593518535848e-14,6.109873348541369103e-20,1.834402304223877391e-05
6.156364285130161572e-08,6.717356791066742902e-14,7.329469175090646586e-20,2.358496502488408947e-05
6.300249591510656944e-08,8.632927822758938819e-14,1.182928417524731826e-19,4.079636918672025099e-05
6.447497756298055022e-08,8.215053338786634182e-14,1.046717717632186410e-19,3.868948583626460565e-05
6.598187375541886031e-08,7.365070240936913710e-14,8.221085059664530948e-20,3.256813269479857351e-05
6.752398882222680569e-08,7.154227505582356320e-14,7.579968555528119737e-20,3.218336536613131805e-05
6.910214589184438049e-08,7.240917183438135560e-14,7.587446233503682577e-20,3.452709284794510850e-05
7.071718733070367282e-08,7.360593457520254998e-14,7.661268510797666084e-20,3.736503593059501208e-05
7.236997519285486438e-08,7.702872642375316027e-14,8.198738052146269132e-20,4.285604269239863193e-05
7.406139168010283678e-08,7.952200794409656077e-14,8.538524059574053234e-20,4.783526628834264575e-05
7.579233961289447889e-08,8.169012050889126127e-14,8.804683722445556220e-20,5.286636912072920628e-05
7.756374291221440503e-08,8.415739342275097607e-14,9.131156648445306186e-20,5.876136174650056798e-05
7.937654709274332602e-08,8.721088663814062924e-14,9.581846309495038238e-20,6.608693239410753711e-05
8.123171976753960213e-08,8.997059968198777793e-14,9.964960523181199108e-20,7.366179706652560024e-05
8.313025116451976640e-08,9.319958214652440913e-14,1.044885825629988217e-19,8.278199710244019821e-05
8.507315465500785137e-08,9.582481835619445852e-14,1.079352922815016244e-19,9.164966207956839171e-05
8.706146729463785752e-08,9.826106786510662740e-14,1.109013867790137577e-19,1.009263825693845399e-04
8.909625037689978988e-08,1.020505458589623174e-13,1.168883523835961075e-19,1.140090434829954422e-04
9.117858999962138328e-08,1.056792855691712779e-13,1.224861165154761632e-19,1.280428301322804666e-04
9.330959764468937610e-08,1.091779350419117833e-13,1.277448601311626450e-19,1.431239023667778623e-04
9.549041077132263616e-08,1.131072238315893591e-13,1.339741234701157975e-19,1.608755307448490510e-04
9.772219342320653084e-08,1.187434982877931651e-13,1.442867570988714800e-19,1.856931465635379029e-04
1.000061368498218092e-07,1.229115700092333439e-13,1.510632698953372929e-19,2.083668462075789741e-04
1.023434601422922109e-07,1.261453484703485603e-13,1.554828116870552919e-19,2.298542071713910299e-04
1.047354108840931230e-07,1.285528741225101163e-13,1.577865719498296657e-19,2.500002523212878922e-04
1.071832658169703015e-07,1.333248842175726698e-13,1.658423506331970887e-19,2.816217451386505630e-04
1.096883315224205459e-07,1.382267833113604585e-13,1.741903022811533629e-19,3.170261217124658811e-04
1.122519451190993346e-07,1.435648038064216518e-13,1.836124342443084024e-19,3.581570446610341549e-04
1.148754749765317516e-07,1.482230747939515576e-13,1.912512649533043445e-19,3.998306290764605726e-04
1.175603214454982508e-07,1.538175261417292983e-13,2.012569467099528941e-19,4.509443584739752193e-04
1.203079176054966693e-07,1.579422101082681426e-13,2.073491273922988318e-19,4.979372596257814311e-04
1.231197300296703002e-07,1.642872805831666078e-13,2.192200271630532556e-19,5.642258435582496326e-04
1.259972595676138772e-07,1.698158356186478715e-13,2.288733749116552719e-19,6.313473405321506395e-04
1.289420421464774184e-07,1.776380929727761927e-13,2.447246185162636771e-19,7.235208924708800334e-04
1.319556495907909400e-07,1.898887093218701285e-13,2.732563709075334312e-19,8.658527623853265985e-04
1.350396904614499018e-07,1.897529532717756494e-13,2.666340773762321312e-19,9.055026779650213404e-04
1.381958109143129342e-07,1.950591903253303124e-13,2.753201235163691485e-19,1.002103029912763737e-03
1.414256955788599511e-07,2.006318211099658909e-13,2.846238618600672167e-19,1.110314626566497737e-03
1.447310684573930097e-07,2.075268944419554387e-13,2.975685343565401315e-19,1.244119491931670223e-03
1.481136938452488544e-07,2.153001574243132784e-13,3.129633498666606484e-19,1.402390317369317779e-03
1.515753772725186068e-07,2.220728391547759302e-13,3.253585561037181081e-19,1.562564629741218817e-03
1.551179664677800419e-07,2.320957231692440204e-13,3.472739228092156227e-19,1.787509113251252836e-03
1.587433523443511999e-07,2.402173531432484071e-13,3.635073588843829490e-19,2.005347465292387724e-03
1.624534700095944115e-07,2.472197637923031451e-13,3.762161042538062224e-19,2.224406434209370235e-03
1.662502997978126526e-07,2.569147269212888990e-13,3.970229045560426105e-19,2.515895842067579491e-03
1.701358683272834259e-07,3.067003793266386842e-13,5.528823733873378685e-19,3.755002010283539551e-03
1.741122495819971529e-07,2.818982736519076516e-13,4.564103724965167665e-19,3.322257341165366692e-03
1.781815660186828875e-07,2.853922500260297290e-13,4.571109020692954494e-19,3.566150584470440497e-03
1.823459896996984716e-07,2.938100070042407821e-13,4.734094802852402763e-19,3.958360858863162191e-03
1.866077434524072255e-07,3.049660624911218549e-13,4.983946408154216278e-19,4.466343604167825367e-03
1.909691020556460879e-07,3.158443196941343931e-13,5.223757833556886740e-19,5.017208359703952819e-03
1.954323934539236549e-07,3.270682217261356335e-13,5.473689380379890962e-19,5.634554510919725749e-03
2.000000000000000174e-07,3.432815775227290383e-13,5.892112073324671159e-19,6.500559976826028423e-03
